2022-01-20,23,266,99,381
2022-01-21,0,235,90,15
2022-01-21,6,208,57,994
2022-01-21,7,311,133,2277
2022-01-21,8,383,226,2448
2022-01-21,9,337,226,2514
2022-01-21,10,363,195,2462
2022-01-21,11,267,156,2614
2022-01-21,12,278,154,2480
2022-01-21,13,310,193,2482
2022-01-21,14,371,228,2367
2022-01-21,15,348,232,1751
2022-01-21,16,250,185,2161
2022-01-21,17,252,195,2590
2022-01-21,18,297,234,2903
2022-01-21,19,284,216,2324
2022-01-21,20,334,204,1423
2022-01-21,21,337,175,1016
2022-01-21,22,306,149,858
2022-01-21,23,241,105,725
2022-01-22,0,478,90,63
2022-01-22,6,394,49,610
2022-01-22,7,560,94,868
2022-01-22,8,638,132,1247
2022-01-22,9,612,135,1812
2022-01-22,10,640,162,2123
2022-01-22,11,650,169,2456
2022-01-22,12,592,157,2216
2022-01-22,13,574,164,2035
2022-01-22,14,700,201,1922
2022-01-22,15,690,173,1903
2022-01-22,16,764,194,1831
2022-01-22,17,640,164,1587
2022-01-22,18,596,165,1910
2022-01-22,19,638,181,1785
2022-01-22,20,748,203,1420
2022-01-22,21,620,179,1081
2022-01-22,22,406,109,948
2022-01-22,23,300,98,731
2022-01-23,0,148,100,85
2022-01-23,6,192,67,441
2022-01-23,7,193,77,491
2022-01-23,8,255,99,643
2022-01-23,9,230,87,1018
2022-01-23,10,232,107,1484
2022-01-23,11,248,127,1793
2022-01-23,12,313,145,1821
2022-01-23,13,284,151,1582
2022-01-23,14,271,153,1338
2022-01-23,15,290,141,1325
2022-01-23,16,182,126,1019
2022-01-23,17,257,135,1210
2022-01-23,18,265,141,1534
2022-01-23,19,272,167,1554
2022-01-23,20,238,127,1201
2022-01-23,21,241,123,848
2022-01-23,22,253,120,624
2022-01-23,23,238,97,372
2022-01-24,0,236,71,60
2022-01-24,6,231,74,1057
2022-01-24,7,291,148,2117
2022-01-24,8,307,192,2663
2022-01-24,9,312,201,2389
2022-01-24,10,296,208,2302
2022-01-24,11,278,204,2326
2022-01-24,12,257,184,2323
2022-01-24,13,264,173,2424
2022-01-24,14,293,179,2390
2022-01-24,15,361,222,2480
2022-01-24,16,417,264,2374
2022-01-24,17,420,297,2703
2022-01-24,18,419,286,3092
2022-01-24,19,387,222,1998
2022-01-24,20,305,174,1260
2022-01-24,21,243,133,735
2022-01-24,22,241,96,558
2022-01-24,23,299,105,301
2022-01-25,0,287,98,24
2022-01-25,6,292,75,1034
2022-01-25,7,344,154,2493
2022-01-25,8,436,253,2884
2022-01-25,9,329,230,2641
2022-01-25,10,356,229,2547
2022-01-25,11,314,232,2562
2022-01-25,12,325,219,2485
2022-01-25,13,290,208,2546
2022-01-25,14,323,204,2452
2022-01-25,15,351,234,2235
2022-01-25,16,384,239,2041
2022-01-25,17,374,226,2743
2022-01-25,18,399,253,3107
2022-01-25,19,359,238,2199
2022-01-25,20,345,207,1372
2022-01-25,21,243,157,812
2022-01-25,22,184,94,697
2022-01-25,23,213,97,384
2022-01-26,0,155,62,54
2022-01-26,6,195,46,964
2022-01-26,7,222,101,2315
2022-01-26,8,281,188,2810
2022-01-26,9,370,232,2542
2022-01-26,10,339,230,2411
2022-01-26,11,267,165,2454
2022-01-26,12,262,172,2495
2022-01-26,13,343,227,2651
2022-01-26,14,356,224,2580
2022-01-26,15,321,207,2641
2022-01-26,16,309,195,2938
2022-01-26,17,311,199,2984
2022-01-26,18,389,247,3392
2022-01-26,19,372,209,2325
2022-01-26,20,286,162,1444
2022-01-26,21,262,152,949
2022-01-26,22,187,109,789
2022-01-26,23,225,106,470
2022-01-27,0,255,93,67
2022-01-27,6,277,54,1066
2022-01-27,7,241,101,2390
2022-01-27,8,401,251,2980
2022-01-27,9,302,231,2868
2022-01-27,10,275,210,1855
2022-01-27,11,271,208,2571
2022-01-27,12,227,172,2545
2022-01-27,13,316,238,2636
2022-01-27,14,302,231,1908
2022-01-27,15,268,199,2035
2022-01-27,16,327,252,1837
2022-01-27,17,350,232,3415
2022-01-27,18,358,246,3880
2022-01-27,19,324,233,2210
2022-01-27,20,257,173,872
2022-01-27,21,222,122,536
2022-01-27,22,186,94,401
2022-01-27,23,184,96,281
2022-01-28,0,187,83,0
2022-01-28,6,239,57,435
2022-01-28,7,299,124,1120
2022-01-28,8,324,201,1646
2022-01-28,9,335,221,1642
2022-01-28,10,178,142,1953
2022-01-28,11,220,169,2687
2022-01-28,12,209,159,2659
2022-01-28,13,326,240,2290
2022-01-28,14,320,224,2905
2022-01-28,15,356,230,2443
2022-01-28,16,302,197,1956
2022-01-28,17,267,200,2453
2022-01-28,18,294,218,2106
2022-01-28,19,300,206,1674
2022-01-28,20,288,181,1020
2022-01-28,21,277,153,693
2022-01-28,22,240,127,666
2022-01-28,23,233,121,421
2022-01-29,0,177,87,50
2022-01-29,6,145,44,344
2022-01-29,7,178,91,556
2022-01-29,8,224,120,1074
2022-01-29,9,186,104,1145
2022-01-29,10,234,156,1399
2022-01-29,11,222,141,1851
2022-01-29,12,204,143,2149
2022-01-29,13,248,168,2490
2022-01-29,14,269,166,2372
2022-01-29,15,286,180,1802
2022-01-29,16,241,156,2067
2022-01-29,17,198,124,2180
2022-01-29,18,259,160,2055
2022-01-29,19,334,193,1791
2022-01-29,20,343,202,1290
2022-01-29,21,291,154,1033
2022-01-29,22,326,144,979
2022-01-29,23,266,136,681
2022-01-30,0,190,89,70
2022-01-30,6,165,47,279
2022-01-30,7,192,57,580
2022-01-30,8,198,79,719
2022-01-30,9,214,78,916
2022-01-30,10,284,114,1236
2022-01-30,11,274,111,1825
2022-01-30,12,226,128,1885
2022-01-30,13,249,165,1769
2022-01-30,14,239,157,1623
2022-01-30,15,191,134,1509
2022-01-30,16,210,126,1703
2022-01-30,17,198,121,1765
2022-01-30,18,210,121,1573
2022-01-30,19,235,123,1320
2022-01-30,20,311,128,1093
2022-01-30,21,295,151,831
2022-01-30,22,209,81,616
2022-01-30,23,184,71,366
2022-01-31,0,233,65,53
2022-01-31,6,189,51,1034
2022-01-31,7,231,97,2488
2022-01-31,8,396,248,2728
2022-01-31,9,411,260,2521
2022-01-31,10,371,234,2281
2022-01-31,11,352,207,2409
2022-01-31,12,340,222,2534
2022-01-31,13,312,185,2735
2022-01-31,14,379,232,2644
2022-01-31,15,433,258,2691
2022-01-31,16,412,258,2455
2022-01-31,17,396,257,2924
2022-01-31,18,382,255,3431
2022-01-31,19,382,263,2409
2022-01-31,20,313,201,1637
2022-01-31,21,254,146,1012
2022-01-31,22,277,113,770
2022-01-31,23,204,81,421
2022-02-01,0,169,71,54
2022-02-01,6,147,60,1030
2022-02-01,7,233,128,2611
2022-02-01,8,273,203,2995
2022-02-01,9,284,200,2696
2022-02-01,10,246,198,2473
2022-02-01,11,225,168,2594
2022-02-01,12,277,189,2650
2022-02-01,13,277,200,2726
2022-02-01,14,286,207,2725
2022-02-01,15,362,261,2739
2022-02-01,16,359,263,3016
2022-02-01,17,304,234,3713
2022-02-01,18,315,230,3875
2022-02-01,19,286,206,2396
2022-02-01,20,249,182,1527
2022-02-01,21,227,138,951
2022-02-01,22,210,119,813
2022-02-01,23,206,93,414
2022-02-02,0,200,74,36
2022-02-02,6,208,60,1036
2022-02-02,7,320,137,2504
2022-02-02,8,361,232,2934
2022-02-02,9,381,266,2620
2022-02-02,10,362,248,2650
2022-02-02,11,329,199,2686
2022-02-02,12,281,205,2690
2022-02-02,13,295,205,2931
2022-02-02,14,308,221,2584
2022-02-02,15,345,251,2728
2022-02-02,16,287,198,2805
2022-02-02,17,322,267,3314
2022-02-02,18,286,218,3322
2022-02-02,19,252,199,2538
2022-02-02,20,237,169,1503
2022-02-02,21,184,128,1132
2022-02-02,22,155,114,821
2022-02-02,23,170,100,535
2022-02-03,0,133,78,63
2022-02-03,6,160,52,1476
2022-02-03,7,226,118,2595
2022-02-03,8,334,210,2297
2022-02-03,9,318,209,2708
2022-02-03,10,314,214,2436
2022-02-03,11,357,230,2664
2022-02-03,12,277,165,2610
2022-02-03,13,305,190,1364
2022-02-04,8,305,202,1473
2022-02-04,9,321,227,2671
2022-02-04,10,293,193,2557
2022-02-05,8,306,135,909
2022-02-06,8,207,68,502
2022-02-06,9,186,100,1154
2022-02-06,10,134,73,1501
2022-02-06,11,229,114,2028
2022-02-06,12,223,106,519
2022-02-07,8,287,206,1481
2022-02-07,9,217,173,2936
2022-02-07,10,262,172,2391
2022-02-07,11,281,177,2735
2022-02-07,12,231,154,3067
2022-02-07,13,265,177,3011
2022-02-07,14,276,182,2785
2022-02-07,15,317,206,2880
2022-02-07,16,323,215,2507
2022-02-07,17,297,196,3646
2022-02-07,18,459,278,3689
2022-02-07,19,382,234,2229
2022-02-07,20,293,185,1306
2022-02-07,21,303,133,840
2022-02-07,22,264,95,778
2022-02-07,23,226,80,377
2022-02-08,0,209,70,56
2022-02-08,6,186,49,1255
2022-02-08,7,235,134,3199
2022-02-08,8,271,202,3112
2022-02-08,9,256,186,2971
2022-02-08,10,295,195,2468
2022-02-08,11,265,183,2671
2022-02-08,12,264,174,2986
2022-02-08,13,311,172,3040
2022-02-08,14,326,196,2671
2022-02-08,15,366,226,2892
2022-02-08,16,300,195,3154
2022-02-08,17,298,221,3550
2022-02-08,18,338,244,3542
2022-02-08,19,311,210,2312
2022-02-08,20,267,183,380
2022-02-08,21,189,122,895
2022-02-08,22,184,102,918
2022-02-08,23,267,148,486
2022-02-09,0,159,79,14
2022-02-09,6,182,56,986
2022-02-09,7,283,144,3126
2022-02-09,8,310,202,3173
2022-02-09,9,314,205,2769
2022-02-09,10,304,194,2886
2022-02-09,11,367,225,2685
2022-02-09,12,330,194,3175
2022-02-09,13,329,206,3015
2022-02-09,14,293,197,2798
2022-02-09,15,280,186,3018
2022-02-09,16,317,195,3164
2022-02-09,17,374,232,3984
2022-02-09,18,354,237,4008
2022-02-09,19,362,237,2337
2022-02-09,20,322,197,1323
2022-02-09,21,207,110,952
2022-02-09,22,254,112,795
2022-02-09,23,243,108,421
2022-02-10,6,212,61,1203
2022-02-10,7,263,149,3000
2022-02-10,8,335,232,3107
2022-02-10,9,337,236,2719
2022-02-10,10,314,200,2565
2022-02-10,11,299,178,2655
2022-02-10,12,296,173,2942
2022-02-10,13,321,218,3129
2022-02-10,14,325,195,2682
2022-02-10,15,308,195,2896
2022-02-10,16,335,222,2916
2022-02-10,17,317,215,3375
2022-02-10,18,320,234,3817
2022-02-10,19,331,233,2739
2022-02-10,20,347,222,1604
2022-02-10,21,287,148,1155
2022-02-10,22,155,77,986
2022-02-10,23,230,100,649
2022-02-11,0,208,85,105
2022-02-11,6,150,51,1168
2022-02-11,7,248,119,2945
2022-02-11,8,309,194,2910
2022-02-11,9,327,218,2538
2022-02-11,10,366,236,2734
2022-02-11,11,363,226,2816
2022-02-11,12,413,258,3164
2022-02-11,13,331,221,2940
2022-02-11,14,390,249,2903
2022-02-11,15,355,207,419
2022-02-11,16,357,241,2405
2022-02-11,17,424,257,3766
2022-02-11,18,396,267,3712
2022-02-11,19,435,294,2423
2022-02-11,20,414,232,1699
2022-02-11,21,244,131,1158
2022-02-11,22,306,155,1010
2022-02-11,23,255,115,746
2022-02-12,0,232,104,95
2022-02-12,6,232,52,684
2022-02-12,7,258,101,1246
2022-02-12,8,220,108,1608
2022-02-12,9,285,159,1925
2022-02-12,10,307,176,2566
2022-02-12,11,325,193,2879
2022-02-12,12,310,193,2761
2022-02-12,13,276,187,2424
2022-02-12,14,311,213,2084
2022-02-12,15,271,176,2029
2022-02-12,16,238,129,2033
2022-02-12,17,257,167,1939
2022-02-12,18,356,186,2070
2022-02-12,19,306,156,2142
2022-02-12,20,288,173,1532
2022-02-12,21,256,149,1158
2022-02-12,22,263,131,1079
2022-02-12,23,289,132,765
2022-02-13,0,261,109,126
2022-02-13,6,308,80,467
2022-02-13,7,301,94,635
2022-02-13,8,251,86,749
2022-02-13,9,228,79,1055
2022-02-13,10,206,100,1730
2022-02-13,11,231,131,2238
2022-02-13,12,184,106,2437
2022-02-13,13,213,128,2029
2022-02-13,14,271,166,1750
2022-02-13,15,232,137,2080
2022-02-13,16,232,144,1864
2022-02-13,17,194,116,1771
2022-02-13,18,194,118,2065
2022-02-13,19,200,125,1953
2022-02-13,20,261,157,1555
2022-02-13,21,225,121,1090
2022-02-13,22,221,113,700
2022-02-13,23,248,103,411
2022-02-14,0,260,79,54
2022-02-14,6,218,54,1261
2022-02-14,7,261,122,3269
2022-02-14,8,370,243,3129
2022-02-14,9,320,219,2822
2022-02-14,10,314,203,2606
2022-02-14,11,411,241,2550
2022-02-14,12,373,201,2838
2022-02-14,13,375,216,3077
2022-02-14,14,331,203,688
2022-02-16,9,321,219,1323
2022-02-16,10,357,237,1325
2022-02-17,9,323,212,734
2022-02-17,10,323,221,2712
2022-02-17,11,340,212,2754
2022-02-17,12,297,185,2954
2022-02-17,13,362,215,3191
2022-02-17,14,355,229,2896
2022-02-17,15,318,220,3034
2022-02-17,16,322,208,2932
2022-02-17,17,402,238,3538
2022-02-17,18,401,251,3991
2022-02-17,19,360,268,1784
2022-02-17,20,303,200,979
2022-02-17,21,254,166,831
2022-02-17,22,238,118,863
2022-02-17,23,226,116,608
2022-02-18,0,207,73,54
2022-02-18,6,227,60,1289
2022-02-18,7,272,134,3145
2022-02-18,8,367,247,3194
2022-02-18,9,288,190,2680
2022-02-18,10,375,210,2764
2022-02-18,11,399,257,2803
2022-02-18,12,245,157,3243
2022-02-18,13,289,193,3283
2022-02-18,14,354,231,3054
2022-02-18,15,313,214,3088
2022-02-18,16,279,200,3770
2022-02-18,17,309,211,4044
2022-02-18,18,339,248,3772
2022-02-18,19,282,216,2760
2022-02-18,20,401,258,1763
2022-02-18,21,308,171,1064
2022-02-18,22,262,134,1048
2022-02-18,23,273,135,712
2022-02-19,0,213,81,64
2022-02-19,6,185,51,750
2022-02-19,7,236,91,1323
2022-02-19,8,252,114,1410
2022-02-19,9,214,125,1509
2022-02-19,10,234,160,2742
2022-02-19,11,277,169,2968
2022-02-19,12,301,180,3035
2022-02-19,13,295,186,2630
2022-02-19,14,265,174,2468
2022-02-19,15,218,142,2596
2022-02-19,16,212,128,1973
2022-02-19,17,185,117,2281
2022-02-19,18,226,159,2378
2022-02-19,19,275,189,1617
2022-02-19,20,415,231,1210
2022-02-19,21,272,164,1084
2022-02-19,22,247,129,990
2022-02-19,23,293,136,942
2022-02-20,0,213,76,92
2022-02-20,6,199,76,520
2022-02-20,7,198,84,625
2022-02-20,8,269,111,862
2022-02-20,9,197,95,1196
2022-02-20,10,169,109,1637
2022-02-20,11,224,123,2228
2022-02-20,12,300,152,2264
2022-02-20,13,254,137,1915
2022-02-20,14,259,142,1873
2022-02-20,15,176,114,2046
2022-02-20,16,190,114,1928
2022-02-20,17,197,112,1814
2022-02-20,18,245,131,2082
2022-02-20,19,277,132,1359
2022-02-20,20,219,110,1153
2022-02-20,21,166,78,832
2022-02-20,22,195,76,505
2022-02-20,23,189,87,421
2022-02-21,0,207,48,31
2022-02-21,6,300,160,1284
2022-02-21,7,357,229,3165
2022-02-21,8,425,267,3272
2022-02-21,9,350,224,2824
2022-02-21,10,345,197,2565
2022-02-21,11,308,186,2608
2022-02-21,12,394,233,3058
2022-02-21,13,454,250,3044
2022-02-21,14,422,245,2832
2022-02-21,15,438,254,2929
2022-02-21,16,474,292,3044
2022-02-21,17,412,273,3898
2022-02-21,18,412,269,3695
2022-02-21,19,315,168,2123
2022-02-21,20,230,116,1297
2022-02-21,21,255,99,753
2022-02-21,22,219,82,570
2022-02-21,23,258,79,201
2022-02-22,0,173,54,20
2022-02-22,6,298,144,1412
2022-02-22,7,405,260,3319
2022-02-22,8,393,257,3240
2022-02-22,9,343,203,2616
2022-02-22,10,367,195,2471
2022-02-22,11,377,198,2770
2022-02-22,12,387,196,2920
2022-02-22,13,354,190,3173
2022-02-22,14,307,173,2783
2022-02-22,15,376,218,3032
2022-02-22,16,463,267,2970
2022-02-22,17,461,289,3960
2022-02-22,18,321,195,3927
2022-02-22,19,366,220,2223
2022-02-22,20,342,161,1367
2022-02-22,21,246,102,925
2022-02-22,22,290,93,749
2022-02-22,23,274,70,403
2022-02-23,0,244,53,62
2022-02-23,6,260,144,1238
2022-02-23,7,311,224,3313
2022-02-23,8,398,274,3418
2022-02-23,9,392,248,2628
2022-02-23,10,423,274,2512
2022-02-23,11,402,244,2674
2022-02-23,12,406,232,2963
2022-02-23,13,452,273,3228
2022-02-23,14,408,226,2837
2022-02-23,15,401,230,2786
2022-02-23,16,465,258,3227
2022-02-23,17,439,266,4017
2022-02-23,18,469,303,3692
2022-02-23,19,398,240,2128
2022-02-23,20,340,168,1168
2022-02-23,21,313,145,827
2022-02-23,22,326,130,702
2022-02-23,23,273,86,441
2022-02-24,0,235,67,78
2022-02-24,6,393,168,1114
2022-02-24,7,396,251,3048
2022-02-24,8,360,217,3161
2022-02-24,9,313,197,2821
2022-02-24,10,297,189,2577
2022-02-24,11,259,162,2631
2022-02-24,12,319,203,3135
2022-02-24,13,368,221,3065
2022-02-24,14,359,235,2773
2022-02-24,15,381,250,2102
2022-02-24,16,401,262,2694
2022-02-24,17,385,279,3930
2022-02-24,18,386,269,3725
2022-02-24,19,367,215,2032
2022-02-24,20,284,139,1342
2022-02-24,21,259,112,983
2022-02-24,22,318,118,726
2022-02-24,23,266,82,425
2022-02-25,0,229,60,33
2022-02-25,6,277,148,1189
2022-02-25,7,315,216,2939
2022-02-25,8,314,225,2982
2022-02-25,9,301,196,2724
2022-02-25,10,318,202,2571
2022-02-25,11,234,155,2722
2022-02-25,12,323,215,3211
2022-02-25,13,287,190,3085
2022-02-25,14,328,210,3221
2022-02-25,15,330,202,2746
2022-02-25,16,345,248,2751
2022-02-25,17,387,261,3463
2022-02-25,18,394,264,3394
2022-02-25,19,391,236,2000
2022-02-25,20,343,186,1185
2022-02-25,21,329,161,934
2022-02-25,22,309,120,719
2022-02-25,23,257,94,535
2022-02-26,0,200,54,60
2022-02-26,6,268,87,625
2022-02-26,7,308,135,1071
2022-02-26,8,311,147,1373
2022-02-26,9,326,145,1674
2022-02-26,10,256,126,2189
2022-02-26,11,306,161,2253
2022-02-26,12,316,198,2192
2022-02-26,13,235,134,2032
2022-02-26,14,328,159,1314
2022-02-26,15,319,172,1947
2022-02-26,16,263,130,1079
2022-02-26,17,282,122,1774
2022-02-26,18,304,119,1703
2022-02-26,19,306,151,1130
2022-02-26,20,301,134,978
2022-02-26,21,283,123,755
2022-02-26,22,286,94,709
2022-02-26,23,237,80,463
2022-02-27,0,257,66,24
2022-02-27,6,229,81,332
2022-02-27,7,238,95,538
2022-02-27,8,248,85,674
2022-02-27,9,250,89,873
2022-02-27,10,276,112,1087
2022-02-27,11,274,125,1706
2022-02-27,12,272,132,1639
2022-02-27,13,271,122,1480
2022-02-27,14,283,106,1307
2022-02-27,15,308,138,1475
2022-02-27,16,269,124,1237
2022-02-27,17,264,120,1462
2022-02-27,18,316,129,1535
2022-02-27,19,301,139,1068
2022-02-27,20,289,100,794
2022-02-27,21,251,83,521
2022-02-27,22,254,80,328
2022-02-27,23,240,72,225
2022-02-28,0,166,45,13
2022-02-28,6,237,95,586
2022-02-28,7,262,149,1165
2022-02-28,8,286,151,1245
2022-02-28,9,255,116,1122
2022-02-28,10,216,146,1448
2022-02-28,11,174,112,1679
2022-02-28,12,188,118,1435
2022-02-28,13,199,118,1501
2022-02-28,14,192,109,1717
2022-02-28,15,289,171,1902
2022-02-28,16,302,167,1814
2022-02-28,17,312,177,2189
2022-02-28,18,321,172,1907
2022-02-28,19,308,156,1268
2022-02-28,20,238,102,857
2022-02-28,21,213,89,635
2022-02-28,22,271,96,551
2022-02-28,23,218,73,361
2022-03-01,0,194,63,48
2022-03-01,6,152,83,521
2022-03-01,7,216,120,980
2022-03-01,8,201,108,1162
2022-03-01,9,227,123,1208
2022-03-01,10,235,136,1459
2022-03-01,11,223,128,1736
2022-03-01,12,187,117,1764
2022-03-01,13,230,131,1553
2022-03-01,14,259,155,1535
2022-03-01,15,247,128,471
2022-03-01,16,262,137,456
2022-03-01,17,361,174,717
2022-03-01,18,292,133,1297
2022-03-01,19,294,137,914
2022-03-01,20,344,131,690
2022-03-01,21,341,127,246
2022-03-01,22,248,84,388
2022-03-01,23,241,78,226
2022-03-02,0,170,53,5
2022-03-02,6,253,90,432
2022-03-02,7,307,179,1803
2022-03-02,8,296,165,1988
2022-03-02,9,290,171,1933
2022-03-02,10,268,146,1935
2022-03-02,11,337,166,2037
2022-03-02,12,314,166,2254
2022-03-02,13,389,192,2335
2022-03-02,14,371,180,2301
2022-03-02,15,328,187,2294
2022-03-02,16,354,208,2568
2022-03-02,17,371,212,2921
2022-03-02,18,384,225,2818
2022-03-02,19,374,177,1641
2022-03-02,20,273,134,1089
2022-03-02,21,229,110,615
2022-03-02,22,269,88,421
2022-03-02,23,287,70,312
2022-03-03,0,239,48,36
2022-03-03,6,335,120,738
2022-03-03,7,485,299,3153
2022-03-03,8,436,247,3178
2022-03-03,9,464,223,2777
2022-03-03,10,394,176,2536
2022-03-03,11,402,166,2757
2022-03-03,12,420,194,2858
2022-03-03,13,420,197,741
2022-03-04,8,403,228,1608
2022-03-04,9,366,168,2544
2022-03-04,10,398,184,2423
2022-03-04,11,411,203,2644
2022-03-04,12,365,169,2832
2022-03-04,13,430,217,2931
2022-03-04,14,400,212,2782
2022-03-04,15,361,213,2934
2022-03-04,16,402,247,3118
2022-03-04,17,385,236,3630
2022-03-04,18,495,268,3381
2022-03-04,19,375,193,2138
2022-03-04,20,366,166,1367
2022-03-04,21,393,137,982
2022-03-04,22,417,120,918
2022-03-04,23,360,90,351
2022-03-05,0,279,64,61
2022-03-05,6,235,76,532
2022-03-05,7,263,114,1086
2022-03-05,8,249,142,1608
2022-03-05,9,284,160,1813
2022-03-05,10,308,183,2401
2022-03-05,11,343,158,2645
2022-03-05,12,365,203,2705
2022-03-05,13,332,173,2478
2022-03-05,14,268,149,2362
2022-03-05,15,263,169,2532
2022-03-05,16,289,166,2037
2022-03-05,17,272,143,1966
2022-03-05,18,264,151,2278
2022-03-05,19,345,190,1911
2022-03-05,20,319,181,1460
2022-03-05,21,349,155,1151
2022-03-05,22,294,112,981
2022-03-05,23,279,99,510
2022-03-06,0,266,74,67
2022-03-06,6,274,83,417
2022-03-06,7,255,80,564
2022-03-06,8,292,79,725
2022-03-06,9,277,102,925
2022-03-06,10,263,115,1425
2022-03-06,11,288,141,1925
2022-03-06,12,282,130,2201
2022-03-06,13,346,151,1718
2022-03-06,14,341,151,1754
2022-03-06,15,350,163,1817
2022-03-06,16,373,167,1704
2022-03-06,17,370,170,1594
2022-03-06,18,367,148,2171
2022-03-06,19,310,146,1553
2022-03-06,20,273,148,1148
2022-03-06,21,264,116,848
2022-03-06,22,306,97,586
2022-03-06,23,325,70,203
2022-03-07,0,304,48,29
2022-03-07,6,412,164,1260
2022-03-07,7,400,229,3489
2022-03-07,8,390,207,3331
2022-03-07,9,433,228,2895
2022-03-07,10,403,210,2382
2022-03-07,11,385,181,2635
2022-03-07,12,421,202,3017
2022-03-07,13,427,198,3009
2022-03-07,14,417,194,2656
2022-03-07,15,479,218,2766
2022-03-07,16,480,236,3077
2022-03-07,17,482,227,3734
2022-03-07,18,531,302,3519
2022-03-07,19,493,235,2113
2022-03-07,20,386,145,304
2022-03-07,21,254,92,775
2022-03-07,22,216,83,595
2022-03-07,23,257,65,223
2022-03-08,0,260,48,31
2022-03-08,6,385,155,1283
2022-03-08,7,453,265,3350
2022-03-08,8,431,255,3170
2022-03-08,9,325,190,3117
2022-03-08,10,276,153,2697
2022-03-08,11,283,157,2776
2022-03-08,12,410,211,2815
2022-03-08,13,342,161,3064
2022-03-08,14,415,209,2780
2022-03-08,15,329,172,2103
2022-03-08,16,394,255,1736
2022-03-08,17,360,213,3857
2022-03-08,18,365,235,3659
2022-03-08,19,371,210,2218
2022-03-08,20,340,143,1381
2022-03-08,21,278,120,889
2022-03-08,22,249,98,764
2022-03-08,23,192,78,374
2022-03-09,0,159,42,41
2022-03-09,6,216,114,1143
2022-03-09,7,303,202,3317
2022-03-09,8,301,198,3165
2022-03-09,9,341,205,2900
2022-03-09,10,396,218,13
2022-03-10,8,402,212,1621
2022-03-10,9,337,189,2989
2022-03-10,10,333,174,2431
2022-03-10,11,288,171,2706
2022-03-10,12,361,203,2853
2022-03-10,13,393,233,3183
2022-03-10,14,443,216,3314
2022-03-10,15,462,225,2995
2022-03-10,16,431,259,3382
2022-03-10,17,481,286,4088
2022-03-10,18,442,276,3924
2022-03-10,19,431,234,2328
2022-03-10,20,368,144,906
2022-03-10,21,361,124,455
2022-03-10,22,296,102,797
2022-03-10,23,279,74,416
2022-03-11,0,282,56,43
2022-03-11,6,365,136,1159
2022-03-11,7,451,256,3242
2022-03-11,8,454,232,3179
2022-03-11,9,427,237,2855
2022-03-11,10,353,208,2528
2022-03-11,11,258,146,2362
2022-03-11,12,291,181,2187
2022-03-11,13,362,215,3213
2022-03-11,14,340,203,2982
2022-03-11,15,324,183,2856
2022-03-11,16,355,219,3920
2022-03-11,17,369,237,4218
2022-03-11,18,321,224,3659
2022-03-11,19,390,246,2119
2022-03-11,20,275,177,1187
2022-03-11,21,271,144,903
2022-03-11,22,220,99,911
2022-03-11,23,219,95,522
2022-03-12,0,178,58,14
2022-03-12,6,298,101,504
2022-03-12,7,296,109,952
2022-03-12,8,311,159,1190
2022-03-12,9,314,149,894
2022-03-12,10,341,160,2081
2022-03-12,11,346,183,2305
2022-03-12,12,323,202,2006
2022-03-12,13,319,196,1605
2022-03-12,14,293,172,2537
2022-03-12,15,313,166,2804
2022-03-12,16,373,195,2203
2022-03-12,17,354,175,1052
2022-03-12,18,334,181,1293
2022-03-12,19,337,179,1268
2022-03-12,20,370,189,1141
2022-03-12,21,353,145,863
2022-03-12,22,308,136,824
2022-03-12,23,274,95,597
2022-03-13,0,299,95,110
2022-03-13,6,330,71,148
2022-03-13,7,276,77,111
2022-03-13,8,260,78,312
2022-03-13,9,240,88,599
2022-03-13,10,231,96,884
2022-03-13,11,335,149,716
2022-03-13,12,341,147,1707
2022-03-13,13,303,117,1917
2022-03-13,14,308,137,1826
2022-03-13,15,287,121,1909
2022-03-13,16,346,156,1900
2022-03-13,17,319,132,1736
2022-03-13,18,317,165,1608
2022-03-13,19,299,136,1211
2022-03-13,20,285,135,891
2022-03-13,21,213,92,660
2022-03-13,22,213,81,394
2022-03-13,23,170,47,223
2022-03-14,0,214,47,20
2022-03-14,6,351,136,606
2022-03-14,7,419,216,2860
2022-03-14,8,407,223,3193
2022-03-14,9,388,209,2804
2022-03-14,10,310,158,2433
2022-03-14,11,342,155,2416
2022-03-14,12,383,186,2794
2022-03-14,13,360,171,2791
2022-03-14,14,351,178,2151
2022-03-14,15,378,166,2321
2022-03-14,16,362,193,3116
2022-03-14,17,438,245,3975
2022-03-14,18,427,241,3598
2022-03-14,19,414,173,1676
2022-03-14,20,335,113,761
2022-03-15,8,377,229,1602
2022-03-15,9,295,174,2856
2022-03-15,10,320,180,2656
2022-03-15,11,259,134,2545
2022-03-16,8,363,208,911
2022-03-16,9,296,182,907
2022-03-17,8,322,209,1658
2022-03-17,9,272,180,2873
2022-03-17,10,264,163,2582
2022-03-17,11,298,170,2614
2022-03-17,12,288,174,2920
2022-03-17,13,312,203,3234
2022-03-17,14,259,176,2820
2022-03-17,15,301,223,2855
2022-03-17,16,358,247,2953
2022-03-17,17,334,255,4529
2022-03-17,18,385,319,3380
2022-03-17,19,216,170,1829
2022-03-17,20,275,149,1037
2022-03-17,21,267,137,778
2022-03-17,22,301,118,690
2022-03-17,23,205,72,370
2022-03-18,0,192,60,0
2022-03-18,6,325,118,1163
2022-03-18,7,393,228,3575
2022-03-18,8,427,235,2068
2022-03-18,9,380,209,1856
2022-03-19,8,273,154,373
2022-03-19,9,192,140,818
2022-03-19,10,193,148,2267
2022-03-19,11,251,172,2747
2022-03-19,12,238,154,3007
2022-03-19,13,283,189,2595
2022-03-19,14,281,168,2148
2022-03-19,15,212,152,1630
2022-03-19,16,245,149,1762
2022-03-19,17,275,157,1610
2022-03-19,18,285,143,1810
2022-03-19,19,285,161,1405
2022-03-19,20,243,158,1095
2022-03-19,21,244,140,957
2022-03-19,22,308,114,814
2022-03-19,23,234,81,575
2022-03-20,0,213,61,70
2022-03-20,6,273,78,340
2022-03-20,7,272,84,362
2022-03-20,8,244,72,526
2022-03-20,9,256,90,936
2022-03-20,10,205,92,1321
2022-03-20,11,195,97,1945
2022-03-20,12,161,96,2239
2022-03-20,13,160,102,1883
2022-03-20,14,218,127,1837
2022-03-20,15,202,111,1958
2022-03-20,16,269,107,1474
2022-03-20,17,257,113,1901
2022-03-20,18,230,122,1917
2022-03-20,19,239,114,1192
2022-03-20,20,244,109,653
2022-03-20,21,266,76,589
2022-03-20,22,201,75,436
2022-03-20,23,205,52,223
2022-03-21,0,289,63,29
2022-03-21,6,298,119,536
2022-03-21,7,449,259,2255
2022-03-21,8,461,258,3052
2022-03-21,9,343,171,2077
2022-03-21,10,336,179,2473
2022-03-21,11,339,187,2533
2022-03-21,12,332,204,2516
2022-03-21,13,291,198,3148
2022-03-21,14,329,220,2717
2022-03-21,15,342,229,2697
2022-03-21,16,343,234,2182
2022-03-21,17,328,236,3675
2022-03-21,18,222,170,3660
2022-03-21,19,288,185,1712
2022-03-21,20,259,136,819
2022-03-21,21,225,114,587
2022-03-21,22,204,83,451
2022-03-21,23,208,68,214
2022-03-22,0,204,45,15
2022-03-22,6,220,133,1197
2022-03-22,7,369,272,3486
2022-03-22,8,337,235,3470
2022-03-22,9,251,160,2827
2022-03-22,10,273,175,2503
2022-03-22,11,248,157,2556
2022-03-22,12,279,181,3065
2022-03-22,13,291,190,3121
2022-03-22,14,313,189,2927
2022-03-22,15,314,190,2795
2022-03-22,16,326,241,3180
2022-03-22,17,330,247,3661
2022-03-22,18,405,272,2910
2022-03-22,19,356,204,1872
2022-03-22,20,278,132,401
2022-03-22,21,152,100,656
2022-03-22,22,157,66,308
2022-03-22,23,154,52,22
2022-03-23,0,163,38,1
2022-03-23,6,258,137,1170
2022-03-23,7,349,249,3962
2022-03-23,8,317,203,2365
2022-03-23,9,272,168,2214
2022-03-23,10,274,172,2553
2022-03-23,11,263,167,2618
2022-03-23,12,287,187,3102
2022-03-23,13,372,221,3270
2022-03-23,14,324,181,2972
2022-03-23,15,322,174,3110
2022-03-23,16,425,235,3284
2022-03-23,17,374,226,4198
2022-03-23,18,348,208,3696
2022-03-23,19,298,169,1979
2022-03-23,20,221,107,1118
2022-03-23,21,198,95,851
2022-03-23,22,202,73,830
2022-03-23,23,171,71,367
2022-03-24,0,162,39,48
2022-03-24,6,196,109,1204
2022-03-24,7,266,204,3218
2022-03-24,8,329,239,3613
2022-03-24,9,276,195,2999
2022-03-24,10,248,168,2602
2022-03-24,11,219,161,2758
2022-03-24,12,238,185,3054
2022-03-24,13,289,221,3248
2022-03-24,14,277,204,2944
2022-03-24,15,234,169,3113
2022-03-24,16,336,255,2339
2022-03-25,8,309,203,1575
2022-03-25,9,308,206,2934
2022-03-25,10,302,202,2797
2022-03-25,11,286,190,2771
2022-03-25,12,293,180,3215
2022-03-25,13,307,198,3338
2022-03-25,14,247,167,2964
2022-03-25,15,269,197,3174
2022-03-25,16,308,243,3327
2022-03-25,17,332,232,3954
2022-03-25,18,377,299,3622
2022-03-25,19,319,198,2195
2022-03-25,20,302,186,1425
2022-03-25,21,231,126,925
2022-03-25,22,219,98,758
2022-03-25,23,203,93,564
2022-03-26,0,162,63,119
2022-03-26,6,172,70,494
2022-03-26,7,168,79,1192
2022-03-26,8,222,134,1778
2022-03-26,9,290,164,1931
2022-03-26,10,284,171,2274
2022-03-26,11,288,184,2675
2022-03-26,12,254,201,2703
2022-03-26,13,242,203,2821
2022-03-26,14,269,216,2707
2022-03-26,15,271,183,2697
2022-03-26,16,292,202,2304
2022-03-26,17,339,187,2141
2022-03-26,18,283,147,2043
2022-03-26,19,337,181,1621
2022-03-26,20,271,143,1367
2022-03-26,21,288,139,997
2022-03-26,22,295,138,841
2022-03-26,23,215,101,737
2022-03-27,0,201,77,103
2022-03-27,6,200,60,420
2022-03-27,7,177,81,511
2022-03-27,8,169,91,727
2022-03-27,9,171,94,1141
2022-03-27,10,211,146,1537
2022-03-27,11,196,138,2025
2022-03-27,12,270,164,2387
2022-03-27,13,248,151,2044
2022-03-27,14,253,136,1850
2022-03-27,15,256,148,1919
2022-03-27,16,169,116,1568
2022-03-27,17,223,119,1803
2022-03-27,18,247,141,2117
2022-03-27,19,298,159,1394
2022-03-27,20,267,117,689
2022-03-27,21,243,96,653
2022-03-27,22,181,76,520
2022-03-27,23,210,65,372
2022-03-28,0,206,57,36
2022-03-28,6,276,132,1227
2022-03-28,7,368,239,3473
2022-03-28,8,400,258,3063
2022-03-28,9,381,228,2769
2022-03-28,10,331,196,2339
2022-03-28,11,305,179,2783
2022-03-28,12,299,193,2976
2022-03-28,13,313,202,3202
2022-03-28,14,280,163,2792
2022-03-28,15,318,186,2684
2022-03-28,16,340,202,2941
2022-03-28,17,374,237,2928
2022-03-28,18,334,221,3549
2022-03-28,19,298,195,1799
2022-03-28,20,171,97,962
2022-03-28,21,164,101,720
2022-03-28,22,169,82,636
2022-03-28,23,191,66,264
2022-03-29,0,152,31,29
2022-03-29,6,245,129,1217
2022-03-29,7,302,197,3344
2022-03-29,8,339,244,3254
2022-03-29,9,283,176,1905
2022-03-29,10,282,181,2216
2022-03-29,11,326,201,2521
2022-03-29,12,307,195,2946
2022-03-29,13,290,188,3115
2022-03-29,14,293,180,2719
2022-03-29,15,415,224,2400
2022-03-29,16,362,211,2328
2022-03-29,17,380,251,2869
2022-03-29,18,390,300,2933
2022-03-29,19,334,209,1883
2022-03-29,20,241,150,1072
2022-03-29,21,233,115,788
2022-03-29,22,211,89,702
2022-03-30,8,439,245,1680
2022-03-30,9,381,227,2314
2022-03-30,10,363,206,1885
2022-03-30,11,373,220,2726
2022-03-30,12,327,197,3138
2022-03-30,13,342,217,3236
2022-03-30,14,332,213,1662
2022-03-30,15,376,223,1837
2022-03-30,16,364,233,2849
2022-03-30,17,318,195,3901
2022-03-30,18,376,245,3279
2022-03-30,19,353,178,1757
2022-03-30,20,277,112,814
2022-03-30,21,301,118,614
2022-03-30,22,270,90,731
2022-03-30,23,268,72,388
2022-03-31,0,217,46,39
2022-03-31,6,314,141,489
2022-03-31,8,439,245,1562
2022-03-31,9,432,244,3016
2022-03-31,10,454,233,2562
2022-03-31,11,387,206,2462
2022-03-31,12,399,227,3254
2022-03-31,13,489,265,3468
2022-04-01,8,403,242,1056
2022-04-01,9,428,222,1287
2022-04-01,10,398,204,1105
2022-04-01,11,369,203,1084
2022-04-01,12,343,196,1645
2022-04-01,13,405,221,1707
2022-04-01,14,491,283,1499
2022-04-01,15,492,275,2172
2022-04-01,16,452,307,2895
2022-04-01,17,448,311,1874
2022-04-01,18,433,283,2858
2022-04-01,19,373,257,2383
2022-04-01,20,403,202,1164
2022-04-01,21,378,167,852
2022-04-01,22,365,137,931
2022-04-01,23,307,87,464
2022-04-02,8,238,146,894
2022-04-02,9,356,156,2083
2022-04-02,10,323,192,2475
2022-04-02,11,350,178,2687
2022-04-02,12,454,242,3104
2022-04-02,13,355,204,3019
2022-04-02,14,326,186,2835
2022-04-02,15,346,204,2629
2022-04-02,16,338,186,2639
2022-04-02,17,363,188,2524
2022-04-02,18,339,177,2065
2022-04-02,19,385,167,1634
2022-04-02,20,353,170,1330
2022-04-02,21,364,128,892
2022-04-02,22,360,158,914
2022-04-02,23,273,119,774
2022-04-07,8,453,257,1599
2022-04-07,9,391,210,2987
2022-04-07,10,333,172,2630
2022-04-07,11,302,160,2668
2022-04-07,12,304,201,3102
2022-04-07,13,414,228,3446
2022-04-07,14,407,214,2910
2022-04-07,15,442,233,3263
2022-04-07,16,501,295,3207
2022-04-07,17,397,299,3845
2022-04-07,18,404,299,3367
2022-04-07,19,388,224,2194
2022-04-07,20,327,157,1422
2022-04-07,21,230,129,960
2022-04-07,22,264,113,859
2022-04-07,23,181,57,460
2022-04-09,0,129,34,91
2022-04-09,0,129,34,91
2022-04-09,6,156,53,620
2022-04-09,6,156,53,620
2022-04-09,7,157,65,1244
2022-04-09,7,157,65,1244
2022-04-09,8,185,85,1884
2022-04-09,8,185,85,1884
2022-04-09,9,189,89,2343
2022-04-09,9,189,89,2343
2022-04-09,10,194,124,2623
2022-04-09,10,194,124,2623
2022-04-09,11,175,127,2876
2022-04-09,11,175,127,2876
2022-04-09,12,202,148,3071
2022-04-09,12,202,148,3071
2022-04-09,13,185,136,3007
2022-04-09,13,185,136,3007
2022-04-09,14,165,129,2845
2022-04-09,14,165,129,2845
2022-04-09,15,211,144,2484
2022-04-09,15,211,144,2484
2022-04-09,16,200,133,2584
2022-04-09,16,200,133,2584
2022-04-09,17,172,130,2520
2022-04-09,17,172,130,2520
2022-04-09,18,171,123,2252
2022-04-09,18,171,123,2252
2022-04-09,19,204,135,1974
2022-04-09,19,204,135,1974
2022-04-09,20,160,114,1461
2022-04-09,20,160,114,1461
2022-04-09,21,146,96,1099
2022-04-09,21,146,96,1099
2022-04-09,22,139,87,1025
2022-04-09,22,139,87,1025
2022-04-09,23,136,62,744
2022-04-09,23,136,62,744
2022-04-11,0,244,50,44
2022-04-11,6,286,111,1224
2022-04-11,7,424,244,3376
2022-04-11,8,356,218,3354
2022-04-11,9,336,181,2835
2022-04-11,10,366,187,2546
2022-04-11,11,346,173,2724
2022-04-11,12,352,189,3001
2022-04-11,13,342,191,2763
2022-04-11,14,309,178,1381
2022-04-11,15,317,183,1164
2022-04-11,16,295,212,1528
2022-04-11,17,310,199,3089
2022-04-11,18,327,205,2868
2022-04-11,19,321,166,1834
2022-04-11,20,266,95,979
2022-04-11,21,257,81,682
2022-04-11,22,339,81,567
2022-04-11,23,269,66,251
2022-04-12,0,258,50,47
2022-04-12,6,361,156,813
2022-04-12,7,457,250,1411
2022-04-12,8,426,241,1732
2022-04-12,9,412,229,1498
2022-04-12,10,435,222,1548
2022-04-12,11,385,187,1398
2022-04-12,12,353,191,2771
2022-04-12,13,338,213,3247
2022-04-12,14,355,249,2936
2022-04-12,15,337,198,2994
2022-04-12,16,451,267,3307
2022-04-12,17,387,250,3846
2022-04-12,18,397,248,3291
2022-04-12,19,375,227,1984
2022-04-12,20,209,115,1166
2022-04-12,21,196,81,944
2022-04-12,22,201,86,765
2022-04-12,23,208,67,362
2022-04-13,0,261,52,58
2022-04-13,0,261,52,58
2022-04-13,6,335,133,1226
2022-04-13,6,335,133,1226
2022-04-13,7,410,234,3281
2022-04-13,7,410,234,3281
2022-04-13,8,450,255,3325
2022-04-13,8,450,255,3325
2022-04-13,9,399,201,2997
2022-04-13,9,399,201,2997
2022-04-13,10,403,218,2756
2022-04-13,10,403,218,2756
2022-04-13,11,404,214,3019
2022-04-13,11,404,214,3019
2022-04-13,12,341,192,3215
2022-04-13,12,341,192,3215
2022-04-13,13,297,169,3471
2022-04-13,13,297,169,3471
2022-04-13,14,320,239,3183
2022-04-13,14,320,239,3183
2022-04-13,15,323,216,3236
2022-04-13,15,323,216,3236
2022-04-13,16,396,265,3373
2022-04-13,16,396,265,3373
2022-04-13,17,388,251,3946
2022-04-13,17,388,251,3946
2022-04-13,18,389,266,3729
2022-04-13,18,389,266,3729
2022-04-13,19,344,207,2221
2022-04-13,19,344,207,2221
2022-04-13,20,262,126,475
2022-04-13,20,262,126,475
2022-04-13,21,308,126,590
2022-04-13,21,308,126,590
2022-04-13,22,283,101,123
2022-04-13,22,283,101,123
2022-04-13,23,307,79,434
2022-04-13,23,307,79,434
2022-04-14,0,270,55,81
2022-04-14,0,270,55,81
2022-04-14,0,270,55,81
2022-04-14,0,270,55,81
2022-04-14,0,270,55,81
2022-04-14,6,245,96,1052
2022-04-14,6,245,96,1052
2022-04-14,6,245,96,1052
2022-04-14,6,245,96,1052
2022-04-14,6,245,96,1052
2022-04-14,7,391,239,2935
2022-04-14,7,391,239,2935
2022-04-14,7,391,239,2935
2022-04-14,7,391,239,2935
2022-04-14,7,391,239,2935
2022-04-14,8,385,210,3052
2022-04-14,8,385,210,3052
2022-04-14,8,385,210,3052
2022-04-14,8,385,210,3052
2022-04-14,8,385,210,3052
2022-04-14,9,478,243,3045
2022-04-14,9,478,243,3045
2022-04-14,9,478,243,3045
2022-04-14,9,478,243,3045
2022-04-14,9,478,243,3045
2022-04-14,10,481,235,2991
2022-04-14,10,481,235,2991
2022-04-14,10,481,235,2991
2022-04-14,10,481,235,2991
2022-04-14,10,481,235,2991
2022-04-14,11,426,238,3028
2022-04-14,11,426,238,3028
2022-04-14,11,426,238,3028
2022-04-14,11,426,238,3028
2022-04-14,11,426,238,3028
2022-04-14,12,368,211,3196
2022-04-14,12,368,211,3196
2022-04-14,12,368,211,3196
2022-04-14,12,368,211,3196
2022-04-14,12,368,211,3196
2022-04-14,13,363,232,3289
2022-04-14,13,363,232,3289
2022-04-14,13,363,232,3289
2022-04-14,13,363,232,3289
2022-04-14,13,363,232,3289
2022-04-14,14,365,221,2657
2022-04-14,14,365,221,2657
2022-04-14,14,365,221,2657
2022-04-14,14,365,221,2657
2022-04-14,14,365,221,2657
2022-04-14,15,387,232,3089
2022-04-14,15,387,232,3089
2022-04-14,15,387,232,3089
2022-04-14,15,387,232,3089
2022-04-14,15,387,232,3089
2022-04-14,16,414,276,3424
2022-04-14,16,414,276,3424
2022-04-14,16,414,276,3424
2022-04-14,16,414,276,3424
2022-04-14,16,414,276,3424
2022-04-14,17,392,267,4052
2022-04-14,17,392,267,4052
2022-04-14,17,392,267,4052
2022-04-14,17,392,267,4052
2022-04-14,17,392,267,4052
2022-04-14,18,381,257,3558
2022-04-14,18,381,257,3558
2022-04-14,18,381,257,3558
2022-04-14,18,381,257,3558
2022-04-14,18,381,257,3558
2022-04-14,19,308,208,2410
2022-04-14,19,308,208,2410
2022-04-14,19,308,208,2410
2022-04-14,19,308,208,2410
2022-04-14,19,308,208,2410
2022-04-14,20,263,146,1313
2022-04-14,20,263,146,1313
2022-04-14,20,263,146,1313
2022-04-14,20,263,146,1313
2022-04-14,20,263,146,1313
2022-04-14,21,245,124,662
2022-04-14,21,245,124,662
2022-04-14,21,245,124,662
2022-04-14,21,245,124,662
2022-04-14,21,245,124,662
2022-04-14,22,251,96,697
2022-04-14,22,251,96,697
2022-04-14,22,251,96,697
2022-04-14,22,251,96,697
2022-04-14,22,251,96,697
2022-04-14,23,227,83,501
2022-04-14,23,227,83,501
2022-04-14,23,227,83,501
2022-04-14,23,227,83,501
2022-04-14,23,227,83,501
2022-04-18,8,374,225,1602
2022-04-18,9,335,190,1774
2022-04-18,10,336,174,2261
2022-04-18,11,309,168,2452
2022-04-18,12,320,190,2860
2022-04-18,13,360,219,3207
2022-04-18,14,333,180,2746
2022-04-18,15,388,200,2777
2022-04-18,16,414,232,2976
2022-04-18,17,443,252,3915
2022-04-18,18,457,286,3312
2022-04-18,19,413,197,1726
2022-04-18,20,316,138,713
2022-04-18,21,321,106,330
2022-04-18,22,280,91,595
2022-04-18,23,293,90,217
2022-04-19,0,198,52,61
2022-04-19,6,319,146,1241
2022-04-19,7,417,281,3295
2022-04-19,8,435,256,3245
2022-04-19,9,370,206,2923
2022-04-19,10,338,181,2632
2022-04-19,11,295,171,2562
2022-04-19,12,311,162,2946
2022-04-19,13,328,194,3114
2022-04-19,14,301,200,2901
2022-04-19,15,322,207,2109
2022-04-19,16,378,273,2463
2022-04-19,17,386,250,3889
2022-04-19,18,351,223,3565
2022-04-19,19,346,172,2084
2022-04-19,20,281,120,754
2022-04-19,21,279,111,70
2022-04-19,22,213,88,465
2022-04-19,23,139,58,283
2022-04-20,0,178,51,51
2022-04-20,6,316,129,1091
2022-04-20,7,407,235,3230
2022-04-20,8,403,243,3343
2022-04-20,9,423,231,2016
2022-04-20,10,352,198,2005
2022-04-20,11,357,215,2801
2022-04-20,12,369,205,2994
2022-04-20,13,379,213,3334
2022-04-20,14,342,196,2985
2022-04-20,15,358,231,2745
2022-04-20,16,384,249,3221
2022-04-20,17,444,300,4008
2022-04-20,18,457,308,3806
2022-04-20,19,399,231,2549
2022-04-20,20,418,193,1573
2022-04-20,21,351,146,1296
2022-04-20,22,265,124,1266
2022-04-20,23,304,103,466
2022-06-13,6,240,127,219
2022-06-13,7,273,176,469
2022-06-13,8,286,156,188
2022-06-13,9,310,183,83
2022-06-13,10,211,134,280
2022-06-13,11,282,165,383
2022-06-13,12,309,158,759
2022-06-13,13,318,169,1062
2022-06-13,14,399,209,469
2022-06-13,15,375,199,624
2022-06-13,16,408,239,657
2022-06-13,17,412,272,720
2022-06-13,18,355,240,1195
2022-06-13,19,324,158,645
2022-06-13,20,279,113,245
2022-06-13,21,302,105,160
2022-06-13,22,291,76,170
2022-06-13,23,323,76,39
2022-06-14,6,240,121,198
2022-06-14,7,295,223,616
2022-06-14,8,304,208,510
2022-06-14,9,251,191,519
2022-06-14,10,222,168,343
2022-06-14,11,240,166,491
2022-06-14,12,236,172,763
2022-06-14,13,261,193,1205
2022-06-14,14,217,170,662
2022-06-14,15,272,161,729
2022-06-14,16,318,224,143
2022-06-14,17,302,220,1210
2022-06-14,18,251,181,1202
2022-06-14,19,242,152,562
2022-06-14,20,247,111,270
2022-06-14,21,227,83,109
2022-06-14,22,169,74,76
2022-06-14,23,162,46,42
2022-06-15,6,217,90,213
2022-06-15,7,344,199,732
2022-06-15,8,250,176,204
2022-06-15,9,242,176,426
2022-06-15,10,307,204,616
2022-06-15,11,185,127,440
2022-06-15,12,245,181,836
2022-06-15,13,271,172,834
2022-06-15,14,313,219,565
2022-06-15,15,277,189,632
2022-06-15,16,260,182,601
2022-06-15,17,314,225,1487
2022-06-15,18,290,190,1644
2022-06-15,19,355,219,1003
2022-06-15,20,274,143,418
2022-06-15,21,235,117,249
2022-06-15,22,170,81,224
2022-06-15,23,157,62,52
2022-06-16,6,249,89,21
2022-06-16,6,249,89,21
2022-06-16,7,190,74,89
2022-06-16,7,190,74,89
2022-06-16,8,161,93,60
2022-06-16,8,161,93,60
2022-06-16,9,194,108,121
2022-06-16,9,194,108,121
2022-06-16,10,249,114,304
2022-06-16,10,249,114,304
2022-06-16,11,246,120,624
2022-06-16,11,246,120,624
2022-06-16,12,291,121,512
2022-06-16,12,291,121,512
2022-06-16,13,288,112,439
2022-06-16,13,288,112,439
2022-06-16,14,273,113,492
2022-06-16,14,273,113,492
2022-06-16,16,294,125,753
2022-06-16,16,294,125,753
2022-06-16,17,282,117,546
2022-06-16,17,282,117,546
2022-06-16,18,267,135,579
2022-06-16,18,267,135,579
2022-06-16,19,211,93,509
2022-06-16,19,211,93,509
2022-06-16,20,207,100,420
2022-06-16,20,207,100,420
2022-06-16,21,210,79,321
2022-06-16,21,210,79,321
2022-06-16,22,241,94,122
2022-06-16,22,241,94,122
2022-06-16,23,219,67,46
2022-06-16,23,219,67,46
2022-06-19,6,242,57,63
2022-06-19,6,242,57,63
2022-06-19,6,242,57,63
2022-06-19,7,270,71,31
2022-06-19,7,270,71,31
2022-06-19,7,270,71,31
2022-06-19,8,269,76,65
2022-06-19,8,269,76,65
2022-06-19,8,269,76,65
2022-06-19,9,258,87,197
2022-06-19,9,258,87,197
2022-06-19,9,258,87,197
2022-06-19,10,319,135,461
2022-06-19,10,319,135,461
2022-06-19,10,319,135,461
2022-06-19,11,325,121,468
2022-06-19,11,325,121,468
2022-06-19,11,325,121,468
2022-06-19,12,354,167,612
2022-06-19,12,354,167,612
2022-06-19,12,354,167,612
2022-06-19,13,402,185,563
2022-06-19,13,402,185,563
2022-06-19,13,402,185,563
2022-06-19,14,335,157,213
2022-06-19,14,335,157,213
2022-06-19,14,335,157,213
2022-06-19,15,302,156,436
2022-06-19,15,302,156,436
2022-06-19,15,302,156,436
2022-06-19,16,332,129,305
2022-06-19,16,332,129,305
2022-06-19,16,332,129,305
2022-06-19,17,329,141,386
2022-06-19,17,329,141,386
2022-06-19,17,329,141,386
2022-06-19,18,362,168,596
2022-06-19,18,362,168,596
2022-06-19,18,362,168,596
2022-06-19,19,414,142,418
2022-06-19,19,414,142,418
2022-06-19,19,414,142,418
2022-06-19,20,342,121,242
2022-06-19,20,342,121,242
2022-06-19,20,342,121,242
2022-06-19,21,330,87,133
2022-06-19,21,330,87,133
2022-06-19,21,330,87,133
2022-06-19,22,360,76,76
2022-06-19,22,360,76,76
2022-06-19,22,360,76,76
2022-06-19,23,294,63,15
2022-06-19,23,294,63,15
2022-06-19,23,294,63,15